instance	0	  10	    30	    50	    70	    90
c101	878,43	1061,45	1601,55	1736,92	2007,93	1900,98
c102	928,62	1424,67	1870,65	2066,42	2285,4	2492,47
c103	1144,53	1641,1	1830,47	2025,47	1970,63	2331,29
c101	878,43	1061,45	1585,28	1615,28	1853,85	1933,86
c102	928,62	1355,25	1975,68	2066,42	2284,83	2492,47
c103	1144,53	1638,87	1736,16	1880,17	1970,63	2331,29
c101	878,43	958,27	1312,28	1624,5	1972,4	2025,22
c102	928,62	1148,87	1750,58	1845,45	2161,15	2489,19
c103	1144,53	1631,3	1679,6	1957,72	1938,24	2266,75
c101	878,43	1061,45	1411,72	1713,88	1821,98	1993,25
c102	928,62	1326,42	1838,33	1949,19	2315,03	2492,47
c103	1144,53	1536,89	1760,74	2125,08	1970,63	2331,29
c201	731,98	1155,38	1261,96	1238,52	1670,37	1384,32
c202	731,98	1018,1	1320,74	1939,4	1547,5	1800,87
c203	731,98	1206,51	1495,09	1885,55	1704,18	1900,4
c201	731,98	1128,97	1347,31	1331,43	1676,59	1384,32
c202	731,98	1018,1	1315,69	1800,67	1547,5	1800,87
c203	731,98	1206,51	1495,09	1940,78	1688,64	1900,4
c201	731,98	973,69	1045,71	1512,52	1762,48	1730,56
c202	731,98	1169,71	1290,03	1750,78	1844,93	1985,84
c203	731,98	1080,18	1276,43	1636,11	1749,51	1916,26
c201	731,98	920,01	1062,95	1242,29	1343,97	1384,32
c202	731,98	1018,1	1302,53	1755,82	1547,5	1800,87
c203	731,98	1173,81	1519,63	1785,55	1588,62	1891,38
r101	1042,61	1545,06	1758,88	1874,26	1957,68	2142,13
r102	1042,61	1343,77	1802,88	1832,52	2050,95	2084,2
r103	1042,61	1310,39	1425,59	1644,66	1747,07	1906
r101	1042,61	1581,74	1793,72	1939,45	1957,68	2142,13
r102	1042,61	1343,77	1864,5	1819,43	1959,97	2072,75
r103	1042,61	1242,78	1468,67	1585,34	1747,07	1906
r101	1042,61	1206,53	1807,83	1914,34	1919,06	2091,37
r102	1042,61	1261,6	1683,16	1820,57	1993,69	2054,6
r103	1042,61	1193,97	1533,67	1587,43	1861,14	1906
r101	1042,61	1654,28	1892,06	1871,85	2008,78	2179,82
r102	1042,61	1343,77	1808,9	1790,41	1989,12	2080,47
r103	1042,61	1295,32	1420,13	1649,66	1737,37	1906
r201	795,61	1062,07	1412,92	1404,17	1965,58	1879,76
r202	795,61	1082,29	1476,65	1380,98	1671,89	1957,79
r203	795,61	981,4	1214,28	1693,94	1589,75	1789,1
r201	795,61	1062,07	1412,92	1404,17	1965,58	1879,76
r202	795,61	1082,29	1476,65	1380,98	1671,89	1957,79
r203	795,61	984,81	1214,28	1693,94	1589,75	1789,1
r201	795,61	1027,5	1667,84	1630,86	1989,05	1822,39
r202	795,61	1082,29	1433,53	1503,58	1671,89	1957,79
r203	795,61	981,4	1058,28	1543,45	1613,24	1770,4
r201	795,61	1062,07	1326,63	1404,17	1972,77	1855,06
r202	795,61	1082,29	1433,53	1616,03	1671,89	1957,79
r203	795,61	1059,05	1120,79	1784,86	1631,14	1770,4
rc101	1179,09	1819,34	1892,94	1976,41	2026,91	1848,34
rc102	1179,09	1444,27	1622,72	1751,24	1771,13	1766,55
rc103	1324,34	1397,53	1515,92	1707,16	1730,95	1951,1
rc101	1179,09	1503,6	1872,14	1888,8	2023,89	1918,32
rc102	1179,09	1545,99	1573,23	1780,98	1750,01	1766,55
rc103	1324,34	1387,28	1511,51	1604,02	1730,66	1951,1
rc101	1179,09	1434,13	1809,88	1969,7	1985,38	2010,42
rc102	1179,09	1444,67	1696,14	1803,03	1802,37	1920,38
rc103	1324,34	1373,58	1456,73	1640,44	1794,15	1951,1
rc101	1179,09	1728,35	1949,36	1918,15	1966,39	2010,42
rc102	1179,09	1683,13	1521,82	1658,61	1846,95	1894,89
rc103	1324,34	1353,91	1490,83	1654,42	1722,09	1951,1
rc201	824,21	1228,83	1630,91	1724,06	2017,3	2503,85
rc202	824,21	1132,27	1375,32	1730,75	1905,49	1997,64
rc203	824,21	1358,17	1218,32	1558,22	1756,15	2077,12
rc201	824,21	1228,83	1624,03	1724,06	2017,3	2503,85
rc202	824,21	1132,27	1375,32	1656,5	1905,49	1997,64
rc203	824,21	1093,88	1187,7	1558,22	1736,52	2077,12
rc201	824,21	1134,36	1904,93	2024,09	2363,14	2423,9
rc202	824,21	1161,33	1817,49	1836,94	1902,4	1997,64
rc203	824,21	1397,98	1515,33	1795,05	1918,64	2077,12
rc201	824,21	1127,25	1416,97	1715,18	2015,54	2423,9
rc202	824,21	1230,55	1374,93	1696,2	1913,59	1997,64
rc203	824,21	1080	1193,83	1766,14	1869,97	2077,12
