instance	0	10	30	50	70	90	large_width	tight_width
c101	100	100	100	100	100	100	4	0,5
c102	100	100	100	100	100	100	4	0,5
c103	100	100	100	100	100	100	4	0,5
c101	100	100	100	100	100	100	4	1
c102	100	100	100	100	100	100	4	1
c103	100	100	100	100	100	100	4	1
c101	100	100	100	100	100	100	6	0,5
c102	100	100	100	100	100	97	6	0,5
c103	100	100	100	100	100	97	6	0,5
c101	100	100	100	100	100	100	6	1
c102	100	100	100	100	100	100	6	1
c103	100	100	100	100	100	100	6	1
c201	100	100	100	100	100	100	4	0,5
c202	100	100	100	100	100	100	4	0,5
c203	100	100	100	100	100	100	4	0,5
c201	100	100	100	100	100	100	4	1
c202	100	100	100	100	100	100	4	1
c203	100	100	100	100	100	100	4	1
c201	100	100	99	94	89	90	6	0,5
c202	100	98	94	91	89	88	6	0,5
c203	100	99	95	93	92	90	6	0,5
c201	100	100	100	100	100	100	6	1
c202	100	100	100	100	100	100	6	1
c203	100	100	100	100	100	100	6	1
r101	100	100	100	100	100	99	4	0,5
r102	100	100	100	100	100	100	4	0,5
r103	100	100	98	97	91	88	4	0,5
r101	100	100	100	100	100	99	4	1
r102	100	100	100	100	100	100	4	1
r103	100	100	98	97	91	88	4	1
r101	100	100	100	100	100	100	6	0,5
r102	100	100	100	100	100	100	6	0,5
r103	100	100	100	97	91	88	6	0,5
r101	100	100	100	100	100	99	6	1
r102	100	100	100	100	100	100	6	1
r103	100	100	99	96	90	88	6	1
rc101	100	100	98	94	94	89	4	0,5
rc102	100	100	96	90	87	82	4	0,5
rc103	100	99	91	78	80	62	4	0,5
rc101	100	100	97	96	94	89	4	1
rc102	100	100	97	91	89	82	4	1
rc103	100	98	91	85	80	62	4	1
rc101	100	100	99	99	96	92	6	0,5
rc102	100	100	98	91	87	79	6	0,5
rc103	100	100	98	86	76	62	6	0,5
rc101	100	100	99	97	95	92	6	1
rc102	100	99	97	92	86	81	6	1
rc103	100	100	95	86	76	62	6	1
rc201	100	100	100	100	100	100	4	0,5
rc202	100	100	99	89	88	83	4	0,5
rc203	100	100	100	99	89	78	4	0,5
rc201	100	100	100	100	100	100	4	1
rc202	100	100	99	97	88	83	4	1
rc203	100	100	100	99	90	78	4	1
rc201	100	100	100	100	100	100	6	0,5
rc202	100	100	96	98	91	83	6	0,5
rc203	100	100	100	99	92	78	6	0,5
rc201	100	100	100	100	100	100	6	1
rc202	100	100	100	94	88	83	6	1
rc203	100	100	100	96	91	78	6	1
